-2.171383190901324477e-10 -3.399325702915633601e-02 9.071136285544428887e-11
2.188843920305479093e-10 -4.039183182598462891e-10 -3.392375495402379787e-02
-2.482673196262107458e-10 -1.990665350871581932e-02 4.866601946013513599e-10
6.252481750129994010e-11 -1.094911643186479745e-02 -1.662368429942682330e-02
3.024781675952949070e-10 -2.053923878127514313e-02 -6.793471813278082967e-10
-3.783590211760510386e-02 -1.701489735309824960e-02 -1.524238778270012654e-02
-4.523059139411366521e-05 5.104282382358060632e-12 -8.266526937794491103e-03
-3.075319549624708562e-02 -1.503417293805597160e-02 1.598944274539033069e-08
-1.656273156270071106e-09 1.734592214118365477e-03 -1.922736239172196521e-02
-1.244689630826466449e-02 -3.013516299333166264e-03 1.842256538131731899e-03
-4.658287785866351699e-03 -1.634569318909612212e-02 1.152132642520493054e-10
-2.547592547638788824e-09 9.969389279182947945e-10 -1.159228514935139072e-08
-1.564499409029553728e-02 -2.048991069636631190e-02 -2.960408122988041416e-02
-6.332993759358894643e-03 -2.748438557205254776e-02 -2.538505858841012472e-02
-3.297228577211107397e-11 -2.797730818892121829e-02 -1.000526146657203572e-09
-7.552645283721961915e-03 -1.868135675766426667e-09 -2.046766418257428555e-02
3.067786496042432251e-10 -3.259931126961959635e-02 -7.955708114721789931e-03
-1.033797693149608945e-10 3.317194729172972857e-11 -1.193001946720566016e-10
-1.150853000850628714e-02 -2.241428278886050007e-10 9.106555181511788859e-11
1.158218237926046048e-08 -3.229242054634978709e-02 2.889105450716976540e-09
